  Mesh Params 
No. of Elements  2 
No. of Nodes     4 
No. of Equations 8 


solution_vector_d =

   1.0e-05 *

         0
         0
         0
         0
   -0.0387
   -0.6657
    0.1235
   -0.7041


reactions_vector =

   40.0000
   11.5154
  -40.0000
   28.4846


                     Stress at Gauss Points 
----------------------------------------------------------------------------- 
Element  1 
-------------
	x-coord			y-coord			s_xx			s_yy			s_xy
	1.333333		0.500000		-6.380783		-1.914235		-38.404804
	0.333333		0.750000		-6.380783		-1.914235		-38.404804
	0.333333		0.250000		-6.380783		-1.914235		-38.404804
Element  2 
-------------
	x-coord			y-coord			s_xx			s_yy			s_xy
	1.666667		0.916667		12.761565		-19.202402		-3.190391
	0.666667		0.916667		12.761565		-19.202402		-3.190391
	1.666667		0.666667		12.761565		-19.202402		-3.190391