  Mesh Params 
No. of Elements  16 
No. of Nodes     25 
No. of Equations 50 


solution_vector_d =

   1.0e-04 *

         0
         0
         0
         0
         0
         0
         0
         0
         0
         0
   -0.0249
   -0.0327
   -0.0354
   -0.0900
   -0.0296
   -0.1666
   -0.0127
   -0.2485
   -0.0119
   -0.0303
   -0.0138
   -0.0894
   -0.0060
   -0.1665
    0.0075
   -0.2486
    0.0009
   -0.0301
    0.0076
   -0.0900
    0.0171
   -0.1669
    0.0275
   -0.2489
    0.0149
   -0.0320
    0.0300
   -0.0918
    0.0404
   -0.1679
    0.0477
   -0.2496
    0.0340
   -0.0368
    0.0542
   -0.0941
    0.0647
   -0.1692
    0.0680
   -0.2504


reactions_vector =

   23.5054
    9.4558
   26.2958
    6.1688
    4.0806
    5.1047
  -21.0704
    3.6138
  -32.8114
   15.6569


                     Stress at Gauss Points 
----------------------------------------------------------------------------- 
Element  1 
-------------
	x-coord			y-coord			s_xx			s_yy			s_xy
	0.105662		0.077851		-152.576347		-39.555167		-61.888824
	0.394338		0.146207		-173.071977		-26.858861		-24.127911
	0.105662		0.218376		-101.740111		-24.304296		-58.622060
	0.394338		0.276315		-118.165710		-10.386981		-20.599604
Element  2 
-------------
	x-coord			y-coord			s_xx			s_yy			s_xy
	0.605662		0.196247		-102.830368		-2.425610		-54.956151
	0.894338		0.264603		-132.351283		-24.564884		-16.584438
	0.605662		0.318730		-61.611597		9.940022		-56.939445
	0.894338		0.376669		-87.301176		-11.049852		-18.752082
Element  3 
-------------
	x-coord			y-coord			s_xx			s_yy			s_xy
	1.105662		0.314643		-51.452830		-7.077900		-37.005831
	1.394338		0.382999		-68.908892		-16.345880		-12.801393
	1.105662		0.419084		-29.269984		-0.423046		-37.510824
	1.394338		0.477023		-44.268461		-8.953750		-13.362333
Element  4 
-------------
	x-coord			y-coord			s_xx			s_yy			s_xy
	1.605662		0.433040		-12.404373		-1.823621		-12.421946
	1.894338		0.501396		-17.837270		-5.791709		-5.318062
	1.605662		0.519438		-7.222238		-0.268980		-12.658652
	1.894338		0.577377		-11.944691		-4.023936		-5.587220
Element  5 
-------------
	x-coord			y-coord			s_xx			s_yy			s_xy
	0.105662		0.321247		-66.628399		-19.416203		-57.180051
	0.394338		0.371561		-85.306462		-23.285020		-18.640161
	0.105662		0.461772		-16.849435		-4.482514		-56.879359
	0.394338		0.501669		-31.542115		-7.155716		-18.315395
Element  6 
-------------
	x-coord			y-coord			s_xx			s_yy			s_xy
	0.605662		0.408393		-39.908205		-11.490268		-57.535519
	0.894338		0.458707		-60.932803		-25.590986		-19.952462
	0.605662		0.530876		1.198151		0.841638		-58.699148
	0.894338		0.570773		-16.005561		-12.112814		-21.224252
Element  7 
-------------
	x-coord			y-coord			s_xx			s_yy			s_xy
	1.105662		0.495540		-18.560431		-15.877925		-38.355244
	1.394338		0.545853		-29.510161		-18.442941		-15.938520
	1.105662		0.599980		2.345341		-9.606193		-38.265060
	1.394338		0.639877		-6.288288		-11.476379		-15.838345
Element  8 
-------------
	x-coord			y-coord			s_xx			s_yy			s_xy
	1.605662		0.582686		-4.768046		-10.515690		-15.523146
	1.894338		0.632999		-8.630365		-11.027106		-7.382017
	1.605662		0.669084		1.386895		-8.669207		-15.457619
	1.894338		0.708981		-1.631614		-8.927480		-7.307507
Element  9 
-------------
	x-coord			y-coord			s_xx			s_yy			s_xy
	0.105662		0.564643		19.208879		0.831227		-56.116508
	0.394338		0.596915		0.640600		-19.685674		-12.766842
	0.105662		0.705168		74.204264		17.329843		-58.707457
	0.394338		0.727023		60.039004		-1.866153		-15.565226
Element  10 
-------------
	x-coord			y-coord			s_xx			s_yy			s_xy
	0.605662		0.620540		19.851258		-20.354737		-50.961983
	0.894338		0.652811		7.765925		-25.042918		-14.176153
	0.605662		0.743022		60.602144		-8.129471		-51.120637
	0.894338		0.764877		52.304655		-11.681299		-14.349555
Element  11 
-------------
	x-coord			y-coord			s_xx			s_yy			s_xy
	1.105662		0.676436		9.475396		-23.173795		-31.692495
	1.394338		0.708707		5.121706		-18.829494		-12.472891
	1.105662		0.780876		27.587127		-17.740275		-30.984656
	1.394338		0.802731		25.239993		-12.794008		-11.686632
Element  12 
-------------
	x-coord			y-coord			s_xx			s_yy			s_xy
	1.605662		0.732332		2.600127		-16.800221		-13.812162
	1.894338		0.764603		0.492034		-16.163302		-5.956566
	1.605662		0.818730		8.548754		-15.015633		-13.683661
	1.894338		0.840585		7.256186		-14.134056		-5.810448
Element  13 
-------------
	x-coord			y-coord			s_xx			s_yy			s_xy
	0.105662		0.808040		118.206420		23.082463		-56.898930
	0.394338		0.822269		97.705947		-20.587908		1.547877
	0.105662		0.948564		192.554507		45.386890		-63.403030
	0.394338		0.952377		178.006461		3.502246		-5.476952
Element  14 
-------------
	x-coord			y-coord			s_xx			s_yy			s_xy
	0.605662		0.832686		71.652526		-38.308140		-26.233558
	0.894338		0.846915		73.181004		-21.295748		1.349350
	0.605662		0.955168		102.594622		-29.025511		-23.761891
	0.894338		0.958981		106.999207		-11.150288		4.050761
Element  15 
-------------
	x-coord			y-coord			s_xx			s_yy			s_xy
	1.105662		0.857332		35.552887		-23.852305		-20.164128
	1.394338		0.871561		35.042460		-18.103495		-2.836297
	1.105662		0.961772		51.782184		-18.983516		-19.424779
	1.394338		0.965585		53.069762		-12.695304		-2.015038
Element  16 
-------------
	x-coord			y-coord			s_xx			s_yy			s_xy
	1.605662		0.881978		8.510625		-22.441183		-7.043716
	1.894338		0.896207		9.018410		-18.653136		-2.207606
	1.605662		0.968376		12.199323		-21.334573		-6.675660
	1.894338		0.972189		13.212809		-17.394817		-1.789091